25
Blue Mountains
Grey Havens
White Towers
Michel Delving
Lake Evendim
Fornost
Hobbiton
Brandy Hall
Bree
Sarn Ford
Weathertop
Rivendell
Caradhras
North Pass
Carrock
Gladden Fields
Lothlorien
Isengard
Moria
Dol Guldur
Wood Elves
Esgaroth
Erebor
Dale
Iron Hills
**
4 3 4 5 3 4 5 3 5 6 4 7 4 2 6 5 5 4 3 4 3 5 5 4 3
**
0 4 250 0 41 9
0 3 270 65 15 20
0 2 225 75 21 21
0 1 240 75 21 21
4 5 85 11 64 13
4 3 110 2 55 19
1 2 100 95 8 20
1 9 270 30 12 11
2 3 40 54 7 14
2 6 70 62 6 13
3 6 35 87 1 24
3 7 80 79 6 22
6 7 50 73 7 22
6 8 100 65 9 15
6 9 130 47 27 11
7 8 50 68 6 18
8 5 115 41 38 13
8 10 100 36 67 11
8 9 105 40 35 13
5 10 160 23 65 10
5 11 375 14 58 15
9 10 180 13 61 10
9 11 400 15 55 10
9 17 500 0 72 14
10 11 230 50 45 13
11 13 100 2 65 7
11 12 60 25 69 1
11 18 180 15 90 17
11 17 500 12 85 21
13 14 80 0 75 2
12 14 70 0 78 1
12 15 150 12 65 3
12 16 300 32 55 16
18 15 140 16 85 15
18 16 20 21 72 17
15 21 400 0 63 18
15 19 175 2 82 17
15 16 190 18 62 18
16 19 180 0 85 18
16 17 240 28 80 20
14 20 175 12 64 14
14 22 250 18 75 12
14 21 240 24 75 12
14 19 300 0 85 15
19 17 390 0 83 16
20 23 90 84 31 23
20 22 100 90 31 22
21 23 40 95 10 24
21 22 50 98 8 23
21 24 175 82 38 19
23 22 10 99 5 25
23 24 180 87 35 18
22 24 200 91 35 20